0.1 0.1 0.1
0.1 0.1 0.1
0.3 0.1 0.3
0.15 0.1 0.15
0.1 0.3 0.1
0.3 0.2 0.3
0.2 0.4 0.1;
0.2 0.5 0.3
0.1 0. 0.1
0.1 0.1 0.1
0.1 0.1 0.1
0.05 0.05 0.05
0.05 0.05 0.05
0.4 0.4 0.4
0.5 0.5 0.5
0.4 0.4 0.4
0.4 0.1 0.4
0.6 0.5 0.6
0.6 0.25 0.7
0.7 0.7 0.7
0.7 0.3 0.7
0.3 0.1 0.3
0.3 0.1 0.3
0.5 0.2 0.5
0.3 0.2 0.3
0.3 0.2 0.3
0.3 0.2 0.3
0.1 0.1 0.1
0.1 0.1 0.1
0.13 0.1 0.13
0.1 0.1 0.1
0.1 0.1 0.1
0.1 0.1 0.1
0.07 0.09 0.07
0.1 0.1 0.1
0.1 0.1 0.1
0.05 0.02 0.01
0.03 0.015 0.03
0.03 0.015 0.02
0.03 0.015 0.01
0.03 0.015 0.01
